FoamFile
{
    format      ascii;
    class       dictionary;
    object      blockMeshDict;
}

convertToMeters 1;

vertices
(
    (1.78522 -0.337769 0.1)   // 0
    (2.0245 -0.337769 0.1)
    (2.18849 -0.337769 0.1)

    (1.78522 -0.337769 0.834708)   // 3
    (2.0245 -0.337769 0.834708)
    (2.18849 -0.337769 0.834708)


    (1.78522 -0.1777698529549499 0.1)   // 6
    (2.0245 -0.11964 0.1)
    (2.18849 -0.11964 0.1)

    (1.78522 -0.1777698529549499 0.834708)   // 9
    (2.0245 -0.11964 0.834708)
    (2.18849 -0.11964 0.834708)

    (1.78522 -0.1777698529549499 0.974708)   // 12
    (2.0245 -0.11964 0.974708)

    (1.3870398453221475 -0.275899379282943 0.9475) // 14
    (1.6645397386363425 -0.19916527317286384 1.05566)

    (1.3870398453221475 -0.275899379282943 1.1278489270103151) // 16
    (1.6645397386363425 -0.19916527317286384 1.23641)


    (1.78522 0.1777698529549499 0.1)   // 18
    (2.0245 0.11964 0.1)
    (2.18849 0.11964 0.1)

    (1.78522 0.1777698529549499 0.834708)   // 21
    (2.0245 0.11964 0.834708)
    (2.18849 0.11964 0.834708)

    (1.78522 0.1777698529549499 0.974708)   // 24
    (2.0245 0.11964 0.974708)

    (1.3870398453221475 0.275899379282943 0.9475) // 26
    (1.6645397386363425 0.19916527317286384 1.05566)

    (1.3870398453221475 0.275899379282943 1.1278489270103151) // 28
    (1.6645397386363425 0.19916527317286384 1.23641)


    (1.78522 0.337769 0.1)   // 30
    (2.0245 0.337769 0.1)
    (2.18849 0.337769 0.1)

    (1.78522 0.337769 0.834708)   // 33
    (2.0245 0.337769 0.834708)
    (2.18849 0.337769 0.834708)
);

blocks
(
    hex (0 1 7 6 3 4 10 9) (13 10 47) simpleGrading (1 1 1)
    hex (1 2  8 7 4 5 11 10) (10 10 47) simpleGrading (1 1 1)
    hex (6 7 19 18 9 10 22 21) (13 24 47) simpleGrading (1 1 1)
    hex (7 8 20 19 10 11 23 22) (10 24 47) simpleGrading (1 1 1)
    hex (18 19 31 30 21 22 34 33) (13 10 47) simpleGrading (1 1 1)
    hex (19 20 32 31 22 23 35 34)  (10 10 47) simpleGrading (1 1 1)

    hex (9 10 22 21 12 13 25 24) (13 24 9) simpleGrading (1 1 1)
    hex (12 13 25 24 15 17 29 27) (13 24 19) simpleGrading (1 1 1)
    hex (14 15 27 26 16 17 29 28) (14 24 13) simpleGrading (1 1 1)
);

edges
(
    arc 14 26 (1.4142135623730951 0 0.9475)
    arc 16 28 (1.4142135623730951 0 1.1278489270103151)

    arc 15 27 (1.69715 0 1.05566)
    arc 17 29 (1.69715 0 1.23641)

    spline 14 15 ((1.46671 -0.2551475672005245 0.982627) (1.51813 -0.24265577081577225 1.00576) (1.56275 -0.23181594283662701 1.02159) (1.60788 -0.2208522172270613 1.03526) (1.65321 -0.20983990431144828 1.0479))
    spline 26 27 ((1.46671 0.2551475672005245 0.982627) (1.51813 0.24265577081577225 1.00576) (1.56275 0.23181594283662701 1.02159) (1.60788 0.2208522172270613 1.03526) (1.65321 0.20983990431144828 1.0479))

    arc 15 12 (1.75726 -0.18456235834035778 1.03171)
    arc 27 24 (1.75726 0.18456235834035778 1.03171)

    arc 17 13 (1.9294 -0.14274326402547535 1.16036)
    arc 29 25 (1.9294 0.14274326402547535 1.16036)
);

boundary
(
    inlet_pump
    {
        type patch;
        faces
        (
            (28 26 14 16)
        );
    }
    w_pipes
    {
        type wall;
        faces
        (
            (16 14 15 17)
            (15 12 13 17)
            (26 28 29 27)
            (27 29 25 24)
            (28 16 17 29)
            (14 26 27 15)
            (29 17 13 25)
            (15 27 24 12)

            (12 9 10 13)
            (21 24 25 22)
            (24 21 9 12)
            (13 10 22 25)
        );
    }

    w_pump
    {
        type wall;
        faces
        (
            (3 0 1 4)
            (4 1 2 5)
            (35 32 31 34)
            (34 31 30 33)

            (3 9 6 0)
            (9 21 18 6)
            (21 33 30 18)

            (5 2 8 11)
            (11 8 20 23)
            (23 20 32 35)

            (9 3 4 10)
            (10 4 5 11)
            (22 10 11 23)
            (33 21 22 34)
            (34 22 23 35)
        );
    }

    outlet
    {
        type patch;
        faces
        (
            (0 6 7 1)
            (6 18 19 7)
            (18 30 31 19)
            (1 7 8 2)
            (7 19 20 8)
            (19 31 32 20)
        );
    }
);
