FoamFile
{
    format      ascii;
    class       dictionary;
    object      blockMeshDict;
}

convertToMeters 1;

vertices
(
    (0.0 0.0 0.0)   // 0
    (0.56 0.0 0.0)
    (0.83 0.0 0.0)
    (1.0567102733001132 0.0 0.0)

    (0.0 0.0 0.6)   // 4
    (0.72 0.0 0.75)
    (1.08 0.0 0.84)
    (1.4142135623730951 0.0 0.9475)

    (0.0 0.0 0.801352)   // 8
    (0.75 0.0 0.9745031433441722)
    (1.1 0.0 1.0553070102381192)
    (1.4142135623730951 0.0 1.1278489270103151)


    (0.4355777772109133 0.4355777772109133 0.0)   // 12
    (0.5868986283848344 0.5868986283848344 0.0)
    (0.747207 0.747207 0.0)

    (0.5600285706997457 0.5600285706997457 0.75)   // 15
    (0.7636753236814713 0.7636753236814713 0.84)
    (1.0 1.0 0.9475)

    (0.5833630944789017 0.5833630944789017 1.0108648834464484)   // 18
    (0.7778174593052023 0.7778174593052023 1.0553070102381192)
    (1.0 1.0 1.1278489270103151)


    (0.0 0.0 0.0)   // 21
    (0.0 0.56 0.0)
    (0.0 0.83 0.0)
    (0.0 1.0567102733001132 0.0)

    (0.0 0.0 0.6)   // 25
    (0.0 0.72 0.75)
    (0.0 1.08 0.84)
    (0.0 1.4142135623730951 0.9475)

    (0.0 0.0 0.801352)   // 29
    (0.0 0.75 0.9745031433441722)
    (0.0 1.1 1.0553070102381192)
    (0.0 1.4142135623730951 1.1278489270103151)
);

blocks
(
    hex (0 1 12 22 4 5 15 26) (48 48 38) simpleGrading (1 1 1)
    hex (1 2 13 12 5 6 16 15) (21 48 38) simpleGrading (1 1 1)
    hex (12 13 23 22 15 16 27 26) (21 48 38) simpleGrading (1 1 1)
    hex (2 3 14 13 6 7 17 16) (18 48 38) simpleGrading (1 1 1)
    hex (13 14 24 23 16 17 28 27) (18 48 38) simpleGrading (1 1 1)

    hex (4 5 15 26 8 9 18 30) (48 48 13) simpleGrading (1 1 1)
    hex (5 6 16 15 9 10 19 18) (21 48 13) simpleGrading (1 1 1)
    hex (15 16 27 26 18 19 31 30) (21 48 13) simpleGrading (1 1 1)
    hex (6 7 17 16 10 11 20 19) (18 48 13) simpleGrading (1 1 1)
    hex (16 17 28 27 19 20 32 31) (18 48 13) simpleGrading (1 1 1)
);

edges
(
    // Arcs
    arc 2 13  (0.766820011984368 0.3176272488630245 0.0)
    arc 13 23 (0.31762724886302457 0.766820011984368 0.0)

    arc 6 16  (0.9977898951121897 0.413298106954297 0.84)
    arc 16 27 (0.41329810695429703 0.9977898951121897 0.84)

    arc 10 19 (1.0162674857624154 0.4209517756015988 1.0553070102381192)
    arc 19 31 (0.42095177560159885 1.0162674857624154 1.0553070102381192)


    arc 3 14  (0.9762729932963826 0.4043855144019394 0.0)
    arc 14 24 (0.4043855144019395 0.9762729932963826 0.0)

    arc 7 17  (1.3065629648763766 0.541196100146197 0.9475)
    arc 17 28 (0.5411961001461971 1.3065629648763766 0.9475)

    arc 11 20 (1.3065629648763766 0.541196100146197 1.1278489270103151)
    arc 20 32 (0.5411961001461971 1.3065629648763766 1.1278489270103151)

    arc 2 6   (0.9175 0.0 0.42)
    arc 23 27 (0.0 0.9175 0.42)
    arc 13 16 (0.6487704717386573 0.6576093065034891 0.42)

    // Splines

    spline 3 7
    (
        (1.059 0.0 0.0566774)
        (1.06349 0.0 0.125892)
        (1.0723 0.0 0.204974)
        (1.08424 0.0 0.27915)
        (1.10095 0.0 0.358338)
        (1.12262 0.0 0.440278)
        (1.14849 0.0 0.521193)
        (1.1795 0.0 0.603438)
        (1.22081 0.0 0.69609)
        (1.26888 0.0 0.783131)
        (1.33518 0.0 0.874099)
    )

    spline 14 17
    (
        (0.7488260812765537 0.7488260812765537 0.0566774)
        (0.7520009907240814 0.7520009907240814 0.125892)
        (0.7582306014663349 0.7582306014663349 0.204974)
        (0.7666734564337023 0.7666734564337023 0.27915)
        (0.7784892107473295 0.7784892107473295 0.358338)
        (0.7938122146956419 0.7938122146956419 0.440278)
        (0.8121050671249379 0.8121050671249379 0.521193)
        (0.8340324484095327 0.8340324484095327 0.603438)
        (0.863243029540349 0.863243029540349 0.69609)
        (0.8972336525119864 0.8972336525119864 0.783131)
        (0.9441148321046545 0.9441148321046545 0.874099)
    )

    spline 24 28
    (
        (0.0 1.059 0.0566774)
        (0.0 1.06349 0.125892)
        (0.0 1.0723 0.204974)
        (0.0 1.08424 0.27915)
        (0.0 1.10095 0.358338)
        (0.0  1.12262 0.440278)
        (0.0 1.14849 0.521193)
        (0.0 1.1795 0.603438)
        (0.0 1.22081 0.69609)
        (0.0 1.26888 0.783131)
        (0.0 1.33518 0.874099)
    )
);

boundary
(
    sides
    {
        type symmetry;
        faces
        (
            (4 0 1 5)
            (5 1 2 6)
            (6 2 3 7)
            (8 4 5 9)
            (9 5 6 10)
            (10 6 7 11)

            (26 22 0 4)
            (27 23 22 26)
            (28 24 23 27)
            (30 26 4 8)
            (31 27 26 30)
            (32 28 27 31)
        );
    }

    w_core
    {
        type wall;
        faces
        (
            (30 8 9 18)
            (18 9 10 19)
            (19 10 11 20)
            (31 30 18 19)
            (32 31 19 20)
        );
    }

    symm
    {
        type symmetry;
        faces
        (
            (22 0 1 12)
            (12 1 2 13)
            (13 2 3 14)
            (23 22 12 13)
            (24 23 13 14)
        );
    }

    outlet_core
    {
        type patch;
        faces
        (
            (11 7 17 20)
            (20 17 28 32)
        );
    }

    w_blanket
    {
        type wall;
        faces
        (
            (7 3 14 17)
            (17 14 24 28)
        );
    }
);
